Ram=0.33;
Lam=0.0017;
Rfm =3.33,
Lfm=0.08;
Kmm=1;
Jm=0.00233;
Bm=0.0006;
